 DBDSQR Example Program Results

 Singular values
     4.0001  3.0006  1.9960  0.9998

 Right singular vectors, by row
          1       2       3       4
 1   0.8261  0.5246  0.2024  0.0369
 2   0.4512 -0.4056 -0.7350 -0.3030
 3   0.2823 -0.5644  0.1731  0.7561
 4   0.1852 -0.4916  0.6236 -0.5789

 Left singular vectors, by column
          1       2       3       4
 1   0.9129  0.3740  0.1556  0.0512
 2  -0.3935  0.7005  0.5489  0.2307
 3   0.1081 -0.5904  0.6173  0.5086
 4  -0.0132  0.1444 -0.5417  0.8280
