 DORCSD Example Program Results

     Orthogonal matrix X
          1       2       3       4       5
 1  -0.7576  0.3697  0.3838  0.2126 -0.3112
 2  -0.4077 -0.1552 -0.1129  0.2676  0.8517
 3  -0.0488  0.7240 -0.6730 -0.1301  0.0602
 4  -0.2287  0.0088  0.2235 -0.9235  0.2120
 5   0.4530  0.5612  0.5806  0.1162  0.3595

 Components of CS factorization of X:

     Theta
          1
 1   0.1811
 2   0.8255

     U1
          1       2       3
 1   0.8249  0.3370 -0.4538
 2   0.2042  0.5710  0.7952
 3   0.5271 -0.7486  0.4022

     U2
          1       2
 1   0.9802  0.1982
 2   0.1982 -0.9802

     V1T
          1       2
 1  -0.7461  0.6658
 2  -0.6658 -0.7461

     V2T
          1       2       3
 1   0.3397 -0.8967  0.2837
 2  -0.7738 -0.4379 -0.4576
 3   0.5346 -0.0640 -0.8427

     Recombined matrix X = U * Sigma_p * V^T
          1       2       3       4       5
 1  -0.7576  0.3697  0.3838  0.2126 -0.3112
 2  -0.4077 -0.1551 -0.1129  0.2677  0.8517
 3  -0.0488  0.7240 -0.6730 -0.1300  0.0602
 4  -0.2287  0.0088  0.2235 -0.9234  0.2120
 5   0.4530  0.5612  0.5806  0.1162  0.3595
