 DSBTRD Example Program Results

 Eigenvalues
    -2.9943 -0.7000  1.9974  4.9969

 Eigenvectors
          1       2       3       4
 1   0.0251  0.0162  0.0113  0.9995
 2  -0.0656 -0.5859  0.8077  0.0020
 3  -0.9002 -0.3135 -0.3006  0.0311
 4  -0.4298  0.7471  0.5070 -0.0071
